image: legomap2.pgm
resolution: 0.010000
origin: [-30.000000, -30.000000, 0.000000]
negate: 0
occupied_thresh: 0.65
free_thresh: 0.196

